FRA 1
234 3 4
-0.045842 -0.995304 -0.085250
0.269817 -0.094504 0.958263
-0.961820 0.020927 0.272882
-0.603508 -0.785096 -0.139293
-0.204430 -0.016503 0.978742
-0.770705 0.619155 -0.150537
0.329619 -0.944114 -0.000128
0.039790 0.013757 0.999113
-0.943275 -0.329332 0.042101
-0.195471 -0.955790 -0.219673
0.261961 -0.266742 0.927483
-0.945076 0.123751 0.302520
-0.506856 -0.836096 -0.209858
-0.132090 -0.165241 0.977368
-0.851851 0.523104 -0.026686
0.082791 -0.145889 -0.985830
-0.871829 -0.489810 -0.000732
-0.482763 0.859536 -0.167742
-0.542001 -0.818120 -0.192130
-0.252371 -0.059614 0.965792
-0.801588 0.571949 -0.174159
-0.312808 -0.472889 -0.823727
-0.903994 -0.117896 0.410970
-0.291457 0.873199 -0.390610
-0.613459 -0.627983 -0.478858
-0.581549 -0.051011 0.811911
-0.534293 0.776553 -0.333910
-0.328539 -0.861925 -0.386195
-0.906063 0.172174 0.386530
-0.266668 0.476907 -0.837525
-0.292831 -0.426709 -0.855669
-0.935979 -0.054989 0.347737
-0.195434 0.902716 -0.383288
-0.849459 -0.527182 -0.022306
-0.135328 0.176809 0.974897
-0.510005 0.831154 -0.221534
-0.504078 -0.615358 -0.606002
-0.683715 -0.144376 0.715325
-0.527673 0.774913 -0.347953
-0.281509 -0.441184 -0.852120
-0.841404 -0.313414 0.440239
-0.461293 0.840909 -0.282985
-0.392295 -0.627383 -0.672677
-0.838832 -0.056078 0.541495
-0.377448 0.776689 -0.504270
-0.757550 -0.649328 -0.067017
-0.104268 0.019018 0.994367
-0.644396 0.760271 -0.082111
-0.329411 -0.532018 -0.780029
-0.833085 -0.225033 0.505301
-0.444362 0.816282 -0.369088
-0.223210 -0.229086 -0.947468
-0.930487 -0.239567 0.277133
-0.290469 0.943466 -0.159688
-0.532857 -0.830161 -0.164001
-0.119585 -0.117988 0.985788
-0.837713 0.544896 -0.036404
-0.445386 -0.864945 -0.231304
-0.090619 -0.213468 0.972738
-0.890741 0.454205 0.016696
-0.796877 -0.578400 -0.174474
-0.322906 0.163688 0.932168
-0.510607 0.799162 -0.317208
-0.578678 -0.757838 -0.301352
-0.390976 -0.066493 0.917996
-0.715730 0.649045 -0.257818
-0.854488 -0.517819 -0.041389
-0.139853 0.152582 0.978345
-0.500290 0.841773 -0.202799
-0.512130 -0.821346 -0.251226
-0.204246 -0.167646 0.964457
-0.834270 0.545239 -0.081900
0.030268 -0.999489 0.010316
0.113139 0.013680 0.993485
-0.993118 -0.028903 0.113495
0.110311 -0.216522 -0.970025
-0.864211 -0.502936 0.013984
-0.490888 0.836764 -0.242600
-0.393756 -0.843850 -0.364517
-0.873432 0.219879 0.434475
-0.286483 0.489458 -0.823625
-0.437287 -0.864364 -0.248306
-0.002417 -0.274973 0.961449
-0.899319 0.421029 0.118153
0.020429 -0.212626 -0.976920
-0.889408 -0.450170 0.079380
-0.456658 0.867259 -0.198308
-0.367098 -0.856217 -0.363499
-0.889187 0.208279 0.407390
-0.273105 0.472771 -0.837795
-0.326639 -0.390134 -0.860873
-0.935033 0.000476 0.354561
-0.137917 0.920758 -0.364944
-0.187519 -0.400649 -0.896838
-0.909462 -0.274130 0.312622
-0.371101 0.874261 -0.312971
-0.291748 -0.915743 -0.276221
-0.934466 0.211262 0.286604
-0.204100 0.341736 -0.917366
-0.242412 -0.468520 -0.849544
-0.860115 -0.301309 0.411600
-0.448818 0.830483 -0.329940
-0.513893 -0.801786 -0.305046
-0.391623 -0.097109 0.914987
-0.763247 0.589668 -0.264094
-0.533585 -0.803614 -0.263613
-0.353856 -0.070971 0.932603
-0.768162 0.590904 -0.246494
-0.585403 -0.748820 -0.310761
-0.443181 -0.025406 0.896072
-0.678892 0.662287 -0.316990
-0.538808 -0.699461 -0.469510
-0.642609 -0.019130 0.765955
-0.544737 0.714415 -0.439173
-0.568457 -0.771488 -0.285766
-0.373820 -0.067209 0.925063
-0.732881 0.632684 -0.250193
-0.012665 -0.123011 -0.992324
-0.921644 -0.383480 0.059300
-0.387831 0.915321 -0.108516
0.244746 -0.965981 0.083541
0.223680 0.140090 0.964542
-0.943433 -0.217382 0.250358
-0.278105 -0.877643 -0.390385
-0.921716 0.129434 0.365632
-0.270365 0.461508 -0.844934
0.049078 -0.993861 0.099149
0.320857 0.109695 0.940754
-0.945855 -0.014357 0.324271
-0.200614 -0.895790 -0.396629
-0.927875 0.043838 0.370307
-0.314329 0.442311 -0.839975
-0.858423 -0.512412 -0.023325
-0.084286 0.096053 0.991801
-0.505970 0.853351 -0.125643
-0.523798 -0.825510 -0.210164
-0.189476 -0.127630 0.973555
-0.830503 0.549767 -0.089562
-0.261654 -0.478491 -0.838203
-0.902857 -0.185629 0.387802
-0.341154 0.858247 -0.383438
0.004435 -0.999752 0.021808
0.192682 0.022254 0.981009
-0.981251 -0.000149 0.192733
-0.551102 -0.786547 -0.278623
-0.346534 -0.088018 0.933899
-0.759079 0.611226 -0.224058
-0.271771 -0.882901 -0.382918
-0.921570 0.124145 0.367828
-0.277218 0.452851 -0.847394
-0.082867 -0.380174 -0.921195
-0.871812 -0.420156 0.251821
-0.482781 0.823976 -0.296623
-0.503022 -0.847463 -0.169636
-0.100490 -0.137596 0.985378
-0.858412 0.512713 -0.015948
-0.499969 -0.814747 -0.293631
-0.279009 -0.169439 0.945222
-0.819869 0.554507 -0.142608
-0.110418 -0.939693 -0.323704
-0.941342 -0.005618 0.337408
-0.318879 0.341972 -0.883952
-0.829698 -0.555569 -0.054261
-0.159704 0.143109 0.976736
-0.534879 0.819062 -0.207464
-0.023396 -0.999074 -0.036100
0.249934 -0.040808 0.967402
-0.967980 0.013611 0.250658
-0.195352 -0.923003 -0.331517
-0.933123 0.070885 0.352501
-0.301860 0.378208 -0.875122
-0.071078 -0.996630 -0.040947
0.170219 -0.052568 0.984003
-0.982839 0.062971 0.173382
-0.138892 -0.969257 -0.203101
0.240643 -0.231975 0.942485
-0.960625 0.082029 0.265464
-0.298202 -0.462327 -0.835063
-0.920842 -0.090944 0.379184
-0.251251 0.882033 -0.398610
-0.276263 -0.473293 -0.836464
-0.904395 -0.166462 0.392887
-0.325190 0.865034 -0.382057
-0.274970 -0.887056 -0.370842
-0.921389 0.132939 0.365197
-0.274650 0.442108 -0.853878
-0.316674 -0.839847 -0.440878
-0.895939 0.112218 0.429767
-0.311464 0.531097 -0.787989
-0.166293 -0.437579 -0.883669
-0.877459 -0.343207 0.335075
-0.449903 0.831104 -0.326885
-0.326504 -0.462700 -0.824199
-0.913455 -0.069612 0.400942
-0.242890 0.883777 -0.399927
0.082116 -0.351064 -0.932744
-0.866354 -0.487765 0.107312
-0.492633 0.799274 -0.344199
-0.720055 -0.640428 -0.267157
-0.378820 0.040221 0.924596
-0.581392 0.766964 -0.271568
-0.463281 -0.826057 -0.320937
-0.844959 0.302528 0.441045
-0.267236 0.475506 -0.838140
-0.478788 -0.661090 -0.577687
-0.675180 -0.143315 0.723597
-0.561154 0.736492 -0.377737
-0.510807 -0.828001 -0.231281
-0.317180 -0.068535 0.945886
-0.799045 0.556523 -0.227617
-0.540585 -0.807692 -0.235375
-0.301166 -0.075447 0.950582
-0.785535 0.584758 -0.202464
-0.317060 -0.468698 -0.824497
-0.881867 -0.174189 0.438142
-0.348974 0.866014 -0.358101
-0.184493 -0.971419 -0.149357
0.219280 -0.188819 0.957217
-0.958060 0.143849 0.247848
-0.486125 -0.834064 -0.260806
-0.117848 -0.233148 0.965274
-0.865906 0.499979 0.015046
-0.661404 -0.713960 -0.229795
-0.319582 -0.008911 0.947517
-0.678537 0.700130 -0.222275
-0.278914 -0.444666 -0.851163
-0.928312 -0.102069 0.357517
-0.245853 0.889861 -0.384321
-0.286773 -0.217206 -0.933050
-0.952381 -0.040683 0.302185
-0.103596 0.975278 -0.195196
-0.509430 -0.805166 -0.303627
-0.355070 -0.124721 0.926482
-0.783841 0.579786 -0.222354
-0.082350 -0.213668 -0.973429
-0.916020 -0.368538 0.158387
-0.392588 0.904724 -0.165375
-0.162882 -0.420818 -0.892403
-0.889398 -0.328936 0.317446
-0.427130 0.845407 -0.320697
-0.293700 -0.456686 -0.839749
-0.887949 -0.194954 0.416581
-0.353959 0.868004 -0.348256
-0.326286 -0.515682 -0.792218
-0.916621 -0.032167 0.398462
-0.230963 0.856176 -0.462189
-0.290146 -0.468031 -0.834723
-0.917354 -0.112381 0.381880
-0.272539 0.876537 -0.396743
-0.287636 -0.466289 -0.836564
-0.878748 -0.218876 0.424139
-0.380876 0.857128 -0.346794
-0.326613 -0.302978 -0.895281
-0.938369 -0.009384 0.345508
-0.113083 0.952951 -0.281240
-0.535110 -0.789408 -0.300818
-0.837237 0.448082 0.313460
-0.112656 0.419592 -0.900695
-0.256032 -0.892040 -0.372441
-0.921755 0.109214 0.372075
-0.291230 0.438563 -0.850204
0.023495 -0.125150 -0.991859
-0.905069 -0.424054 0.032067
-0.424616 0.896948 -0.123233
-0.311537 -0.469600 -0.826087
-0.861613 -0.226999 0.453975
-0.400708 0.853198 -0.333895
-0.246889 -0.830525 -0.499273
-0.916037 0.031957 0.399817
-0.316103 0.556063 -0.768682
-0.445736 -0.741990 -0.500769
-0.791704 0.065690 0.607363
-0.417762 0.667184 -0.616717
0.104361 -0.988330 0.110965
0.276491 0.136007 0.951344
-0.955333 -0.068602 0.287458
-0.459731 -0.828356 -0.320115
-0.842443 0.292756 0.452310
-0.280958 0.477619 -0.832431
-0.375438 -0.919235 -0.118548
0.025469 -0.138089 0.990092
-0.926497 0.368699 0.075256
-0.482539 -0.813174 -0.325430
-0.840447 0.325271 0.433414
-0.246588 0.482646 -0.840385
-0.486080 -0.812614 -0.321535
-0.853084 0.361359 0.376388
-0.189669 0.457251 -0.868877
-0.322737 -0.509544 -0.797625
-0.842888 -0.228625 0.487103
-0.430557 0.829515 -0.355703
-0.302555 -0.476543 -0.825449
-0.858199 -0.240579 0.453449
-0.414673 0.845594 -0.336181
0.049854 -0.199248 -0.978680
-0.878568 -0.474788 0.051907
-0.475008 0.857249 -0.198723
-0.045955 -0.046353 -0.997867
-0.942883 -0.327921 0.058655
-0.329940 0.943567 -0.028636
-0.412222 -0.707192 -0.574414
-0.735056 -0.114355 0.668293
-0.538299 0.697712 -0.472687
-0.481354 -0.715864 -0.505803
-0.653644 -0.091306 0.751274
-0.583993 0.692244 -0.423969
-0.408973 -0.903029 -0.131456
-0.027496 -0.131794 0.990895
-0.912132 0.408864 0.029071
0.042209 -0.336511 -0.940733
-0.866381 -0.481269 0.133282
-0.497597 0.809407 -0.311861
-0.858467 -0.511776 -0.033474
-0.103698 0.109285 0.988587
-0.502276 0.852140 -0.146887
-0.208309 -0.962625 -0.173092
0.256554 -0.224557 0.940082
-0.943816 0.151420 0.293742
-0.266185 -0.105929 -0.958084
-0.963499 -0.000202 0.267712
-0.028552 0.994374 -0.102009
-0.172710 -0.408293 -0.896364
-0.906353 -0.290396 0.306910
-0.385610 0.865428 -0.319903
-0.378655 -0.850258 -0.365624
-0.873476 0.197666 0.444936
-0.306039 0.487841 -0.817527
-0.432452 -0.829973 -0.352321
-0.855768 0.254742 0.450297
-0.283983 0.496238 -0.820428
-0.160784 -0.307242 -0.937950
-0.932213 -0.264911 0.246576
-0.324232 0.914016 -0.243822
-0.702354 -0.705985 -0.091018
-0.108489 -0.020204 0.993892
-0.703512 0.707938 -0.062401
-0.475204 -0.867691 -0.145926
-0.080940 -0.122036 0.989220
-0.876145 0.481892 -0.012238
-0.494505 -0.809639 -0.316147
0.053476 -0.391384 0.918672
-0.867528 0.437382 0.236837
-0.511432 -0.789139 -0.340143
-0.465332 -0.078444 0.881653
-0.722429 0.609185 -0.327093
-0.511451 -0.829510 -0.224345
-0.102721 -0.200186 0.974358
-0.853151 0.521381 0.017177
-0.493676 -0.812778 -0.309316
-0.217845 -0.228762 0.948795
-0.841919 0.535780 -0.064125
-0.510976 -0.789709 -0.339505
-0.115708 -0.328175 0.937504
-0.851772 0.518325 0.076314
0.041172 -0.218978 -0.974861
-0.888521 -0.454278 0.064517
-0.456985 0.863528 -0.213270
-0.840856 -0.539262 -0.046451
-0.174792 0.189319 0.966233
-0.512258 0.820582 -0.253449
-0.300933 -0.455541 -0.837808
-0.900455 -0.153571 0.406936
-0.314039 0.876869 -0.363979
-0.261648 -0.449002 -0.854364
-0.916443 -0.162112 0.365856
-0.302773 0.878702 -0.369068
-0.035001 -0.998064 -0.051420
0.186591 -0.057073 0.980778
-0.981814 0.024733 0.188227
-0.021582 -0.995678 -0.090326
0.262479 -0.092821 0.960463
-0.964696 -0.002980 0.263348
-0.378927 -0.908226 -0.177597
0.049196 -0.211407 0.976159
-0.924118 0.361156 0.124789
-0.002712 -0.999984 0.004960
0.187446 0.004363 0.982265
-0.982271 0.003593 0.187431
-0.627383 -0.766530 -0.137194
-0.227409 0.011850 0.973727
-0.744765 0.642099 -0.181751
-0.037190 -0.260131 -0.964857
-0.888381 -0.433523 0.151122
-0.457599 0.862780 -0.214973
0.034253 -0.999259 0.017548
0.178096 0.023380 0.983735
-0.983417 -0.030571 0.178764
-0.510628 -0.829938 -0.224640
-0.151796 -0.170146 0.973657
-0.846296 0.531276 -0.039100
-0.495585 -0.841931 -0.213420
-0.142139 -0.163789 0.976202
-0.856850 0.514125 -0.038499
-0.500887 -0.802215 -0.324904
-0.252482 -0.223632 0.941404
-0.827868 0.553569 -0.090531
-0.547172 -0.789858 -0.276996
-0.424537 -0.023318 0.905110
-0.721368 0.612846 -0.322565
-0.506857 -0.814203 -0.283143
-0.331190 -0.119323 0.935989
-0.795870 0.568187 -0.209176
-0.651876 -0.709799 -0.266914
-0.372095 -0.007299 0.928166
-0.660759 0.704367 -0.259355
-0.524680 -0.805096 -0.276644
-0.374458 -0.073577 0.924320
-0.764521 0.588563 -0.262870
-0.487221 -0.648755 -0.584579
-0.650383 -0.177149 0.738661
-0.582768 0.740091 -0.335629
-0.071033 -0.175380 -0.981935
-0.925321 -0.356011 0.130523
-0.372471 0.917877 -0.136994
-0.159515 -0.106044 -0.981483
-0.953304 -0.241727 0.181052
-0.256451 0.964533 -0.062534
-0.501414 -0.855215 -0.131115
-0.096157 -0.095520 0.990772
-0.859847 0.509395 -0.034340
-0.032114 -0.277394 -0.960219
-0.885331 -0.437964 0.156131
-0.463852 0.855126 -0.231520
-0.189364 -0.409044 -0.892650
-0.908510 -0.271885 0.317315
-0.372494 0.871069 -0.320135
-0.271782 -0.908144 -0.318447
-0.924520 0.154511 0.348409
-0.267202 0.389103 -0.881591
-0.118462 -0.321386 -0.939509
-0.912503 -0.337858 0.230631
-0.391542 0.884626 -0.253243
-0.011615 -0.284808 -0.958514
-0.907137 -0.400277 0.129929
-0.420676 0.871013 -0.253711
-0.101428 -0.356160 -0.928904
-0.906391 -0.351804 0.233859
-0.410083 0.865670 -0.287138
-0.417260 -0.842951 -0.339598
-0.848818 0.227997 0.476997
-0.324657 0.487289 -0.810646
-0.285741 -0.451509 -0.845276
-0.925422 -0.099077 0.365757
-0.248890 0.886749 -0.389526
-0.283883 -0.470958 -0.835230
-0.917446 -0.119821 0.379389
-0.278754 0.873981 -0.398063
-0.391569 -0.849454 -0.353699
-0.881789 0.236582 0.408017
-0.262912 0.471654 -0.841677
-0.668746 -0.727509 -0.153326
-0.221418 -0.001990 0.975177
-0.709755 0.686095 -0.159753
-0.717156 -0.675159 -0.172763
-0.250814 0.018757 0.967854
-0.650214 0.737434 -0.182791
-0.494033 -0.832143 -0.251932
-0.044138 -0.265385 0.963132
-0.868322 0.486939 0.094380
-0.283142 -0.869264 -0.405229
-0.912183 0.113575 0.393730
-0.296231 0.481125 -0.825085
-0.336386 -0.869059 -0.362740
-0.896161 0.177048 0.406879
-0.289379 0.461942 -0.838373
-0.375977 -0.851417 -0.365692
-0.878621 0.202180 0.432607
-0.294393 0.483955 -0.824088
-0.405853 -0.848473 -0.339672
-0.870998 0.246498 0.424971
-0.276848 0.468329 -0.839061
-0.506157 -0.817935 -0.273472
-0.788261 0.310092 0.531496
-0.349928 0.484587 -0.801702
-0.586057 -0.806433 -0.078764
-0.075411 -0.042500 0.996246
-0.806753 0.589797 -0.035907
-0.590918 -0.801524 -0.091510
-0.127852 -0.018954 0.991612
-0.796535 0.597662 -0.091277
0.036423 -0.072528 -0.996701
-0.888712 -0.458466 0.000885
-0.457018 0.885748 -0.081155
-0.491328 -0.693365 -0.527107
-0.689938 -0.059532 0.721416
-0.531584 0.718123 -0.449129
-0.537449 -0.741964 -0.400796
-0.693123 0.117945 0.711105
-0.480342 0.659983 -0.577662
0.173182 -0.981567 0.080834
0.273076 0.126712 0.953611
-0.946275 -0.143074 0.289987
-0.235623 -0.484189 -0.842640
-0.892643 -0.235019 0.384649
-0.384279 0.842809 -0.376832
-0.131600 -0.940990 -0.311800
-0.938863 0.017366 0.343852
-0.318146 0.337988 -0.885747
0.113898 -0.184198 -0.976267
-0.864378 -0.502807 -0.005977
-0.489774 0.844545 -0.216486
-0.485473 -0.849963 -0.204643
-0.093795 -0.182090 0.978798
-0.869205 0.494374 0.008678
-0.493518 -0.860645 -0.125420
-0.069922 -0.104477 0.992066
-0.866920 0.498372 -0.008617
0.071590 -0.139778 -0.987592
-0.865466 -0.500902 0.008158
-0.495826 0.854143 -0.156832
-0.535165 -0.790698 -0.297315
-0.428252 -0.049430 0.902306
-0.728148 0.610208 -0.312165
-0.842060 -0.538577 -0.029493
-0.102072 0.105420 0.989175
-0.529638 0.835956 -0.143744
-0.495756 -0.833561 -0.243726
-0.178125 -0.177079 0.967943
-0.849999 0.523277 -0.060690
-0.332810 -0.127180 -0.934378
-0.941892 -0.003047 0.335901
-0.045567 0.991875 -0.118776
-0.461930 -0.856477 -0.230364
-0.054683 -0.231738 0.971240
-0.885229 0.461242 0.060212
-0.411318 -0.900347 -0.142105
-0.039309 -0.138237 0.989618
-0.910644 0.412634 0.021468
-0.530784 -0.836874 -0.133833
-0.107623 -0.090078 0.990103
-0.840646 0.539934 -0.042255
-0.013257 -0.861855 -0.506982
-0.885200 -0.225684 0.406803
-0.465023 0.454173 -0.759922
-0.406673 -0.773365 -0.486338
-0.771599 0.005737 0.636084
-0.489135 0.633935 -0.599060
-0.578734 -0.769579 -0.269843
-0.704325 0.304878 0.641075
-0.411088 0.561068 -0.718477
-0.498740 -0.799994 -0.333568
-0.756929 0.214505 0.617289
-0.422275 0.560354 -0.712522
-0.134532 -0.837546 -0.529544
-0.871615 -0.154190 0.465309
-0.471368 0.524158 -0.709275
-0.501927 -0.714987 -0.486686
-0.754567 0.086966 0.650435
-0.422727 0.693707 -0.583156
-0.499545 -0.735533 -0.457653
-0.755934 0.112090 0.644980
-0.423106 0.668152 -0.612009
-0.322506 -0.777182 -0.540350
-0.874285 0.025786 0.484727
-0.362788 0.628748 -0.687795
-0.458185 -0.650362 -0.605885
-0.776173 -0.039430 0.629286
-0.433153 0.758600 -0.486728
-0.273509 -0.858924 -0.432946
-0.905577 0.078221 0.416906
-0.324225 0.506094 -0.799217
-0.339986 0.265173 -0.902271
-0.935791 -0.000210 0.352555
0.093298 0.964201 0.248218
-0.337922 -0.082732 -0.937531
-0.940561 -0.006251 0.339566
-0.033954 0.996552 -0.075703
-0.238782 -0.942959 -0.231973
-0.936057 0.159938 0.313395
-0.258417 0.291973 -0.920854
-0.090712 -0.975101 -0.202359
0.296680 -0.220430 0.929188
-0.950659 0.024252 0.309289
0.061879 -0.174896 -0.982640
-0.890145 -0.454996 0.024928
-0.451457 0.873150 -0.183837
-0.307596 -0.874487 -0.375042
-0.912255 0.158975 0.377515
-0.270509 0.458257 -0.846655
-0.460036 -0.684073 -0.566049
-0.705969 -0.104833 0.700441
-0.538493 0.721841 -0.434707
-0.555686 -0.684795 -0.471453
-0.663723 0.023898 0.747596
-0.500683 0.728343 -0.467794
-0.530338 -0.654727 -0.538584
-0.668368 -0.067936 0.740722
-0.521560 0.752806 -0.401570
-0.328272 0.123666 -0.936453
-0.944325 -0.019775 0.328420
0.022096 0.992127 0.123272
0.014487 -0.998544 0.051968
0.271970 0.053949 0.960792
-0.962197 0.000215 0.272356
-0.392746 -0.850103 -0.350820
-0.888244 0.251814 0.384204
-0.238272 0.462509 -0.853998
-0.266768 -0.443443 -0.855683
-0.914278 -0.164395 0.370230
-0.304846 0.881097 -0.361575
-0.327350 -0.508022 -0.796715
-0.913362 -0.045910 0.404552
-0.242099 0.860120 -0.448979
-0.475439 -0.863507 -0.168264
-0.073197 -0.151774 0.985701
-0.876698 0.480957 0.008953
-0.518643 -0.814580 -0.259748
-0.253764 -0.143453 0.956569
-0.816464 0.562032 -0.132311
-0.497776 -0.820062 -0.282344
-0.178017 -0.222006 0.958657
-0.848840 0.527458 -0.035475
-0.580920 -0.796800 -0.166256
-0.192646 -0.063860 0.979188
-0.790834 0.600859 -0.116402
-0.279618 -0.942550 -0.182792
-0.947114 0.239566 0.213503
-0.157447 0.232824 -0.959689
-0.158685 -0.984111 -0.079651
0.096989 -0.095820 0.990662
-0.982554 0.149478 0.110653
-0.225844 -0.297112 -0.927749
-0.930523 -0.216060 0.295712
-0.288309 0.930077 -0.227673
-0.344878 -0.499921 -0.794442
-0.824541 -0.243095 0.510918
-0.448543 0.831255 -0.328367
-0.335118 -0.543646 -0.769510
-0.886887 -0.093646 0.452395
-0.318004 0.834074 -0.450770
-0.341151 -0.296967 -0.891867
-0.933565 -0.003859 0.358386
-0.109871 0.954880 -0.275922
-0.608527 -0.755840 -0.241663
-0.323458 -0.041828 0.945318
-0.724617 0.653419 -0.219029
-0.802589 -0.577993 -0.147560
-0.248818 0.099545 0.963421
-0.542162 0.809947 -0.223709
-0.876587 -0.481149 -0.009579
-0.030799 0.036225 0.998869
-0.480257 0.875890 -0.046573
-0.484093 -0.750380 -0.450093
-0.727035 0.058705 0.684086
-0.486901 0.658395 -0.573971
-0.506852 -0.762381 -0.402339
-0.726045 0.125933 0.676017
-0.464715 0.634756 -0.617353
0.055915 -0.141699 -0.988329
-0.902131 -0.431326 0.010802
-0.427823 0.890999 -0.151949
-0.486117 -0.816930 -0.310349
-0.860306 0.384982 0.334158
-0.153505 0.429435 -0.889956
-0.385875 -0.849771 -0.359152
-0.884920 0.230881 0.404488
-0.260800 0.473903 -0.841070
-0.389478 -0.860131 -0.329366
-0.895352 0.269720 0.354395
-0.215990 0.432928 -0.875170
-0.529944 -0.753135 -0.389802
-0.681578 0.104762 0.724208
-0.504590 0.649470 -0.568839
-0.614937 -0.759334 -0.212756
-0.283639 -0.038760 0.958147
-0.735800 0.649546 -0.191542
-0.283910 -0.500706 -0.817734
-0.870878 -0.222189 0.438409
-0.401206 0.836616 -0.372972
0.165127 -0.986255 0.005843
0.147698 0.030586 0.988559
-0.975150 -0.162375 0.150718
-0.487085 -0.738672 -0.465954
-0.800668 0.164590 0.576056
-0.348824 0.653662 -0.671600
0.008406 -0.997692 -0.067373
0.260038 -0.062876 0.963549
-0.965562 -0.025619 0.258910
-0.458214 -0.708745 -0.536395
-0.711412 -0.069343 0.699346
-0.532853 0.702048 -0.472436
-0.497773 -0.692767 -0.521820
-0.689545 -0.048830 0.722595
-0.526070 0.719507 -0.453387
-0.445815 -0.837831 -0.315100
-0.850079 0.286017 0.442222
-0.280383 0.465009 -0.839733
-0.328599 -0.872256 -0.362204
-0.897942 0.169641 0.406105
-0.292783 0.458684 -0.838980
-0.815110 -0.574605 -0.073654
-0.213564 0.179869 0.960228
-0.538503 0.798421 -0.269328
-0.249556 -0.942764 -0.221172
-0.947601 0.190713 0.256283
-0.199434 0.273540 -0.940958
-0.243513 -0.467629 -0.849721
-0.894672 -0.229994 0.382968
-0.374517 0.853479 -0.362368
-0.224147 -0.447220 -0.865883
-0.878656 -0.291602 0.378063
-0.421571 0.845554 -0.327591
