FRA 1
234 3 4
-0.133804 -0.965787 -0.222155
0.951838 -0.062843 -0.300092
0.275864 -0.251609 0.927681
-0.560227 -0.773566 -0.296209
0.672759 -0.633542 0.382126
-0.483261 0.014800 0.875351
-0.950129 -0.250945 0.185150
0.268199 -0.960477 0.074517
0.159133 0.120458 0.979881
-0.187558 -0.949314 -0.252241
0.947788 -0.107480 -0.300242
0.257913 -0.295384 0.919907
-0.453182 -0.838606 -0.302268
0.851350 -0.507689 0.132116
-0.264251 -0.197463 0.944023
-0.884564 -0.466365 0.007040
0.459444 -0.868638 0.185415
-0.080356 0.167246 0.982635
-0.531469 -0.797699 -0.284985
0.708145 -0.603019 0.367285
-0.464834 -0.006610 0.885373
-0.296950 -0.459700 -0.836957
0.296178 -0.877606 0.376943
-0.907799 -0.135954 0.396758
-0.535286 -0.671459 -0.512456
0.662723 0.042298 -0.747669
0.523705 -0.739834 0.422350
-0.359130 -0.850349 -0.384621
0.889293 -0.186752 -0.417470
0.283167 -0.491967 0.823277
-0.288547 -0.481776 -0.827425
0.273186 -0.869686 0.411115
-0.917666 -0.107415 0.382559
-0.839894 -0.529792 -0.117889
0.485441 -0.830419 0.273406
-0.242746 0.172404 0.954647
-0.509214 -0.665296 -0.545969
0.695920 0.054937 -0.716015
0.506356 -0.744555 0.435018
-0.369309 -0.559200 -0.742230
0.465779 -0.802512 0.372860
-0.804152 -0.208015 0.556839
-0.397542 -0.745877 -0.534442
0.813848 -0.017603 -0.580810
0.423805 -0.665851 0.614029
-0.632987 -0.733276 -0.248260
0.683684 -0.679928 0.265093
-0.363185 -0.001930 0.931715
-0.468919 -0.718969 -0.513028
0.429891 -0.693188 0.578519
-0.771563 0.050732 0.634127
0.335347 -0.917676 0.213102
0.929820 0.286004 -0.231597
0.151583 0.275811 0.949184
-0.459267 -0.859302 -0.225108
0.363297 -0.412952 0.835156
-0.810611 0.301779 0.501837
-0.411891 -0.884774 -0.217994
0.900784 -0.359220 -0.244025
0.137600 -0.296877 0.944950
-0.617679 -0.632839 -0.466891
0.518571 -0.774079 0.363161
-0.591233 -0.017799 0.806304
-0.515199 -0.755091 -0.405472
0.576525 -0.655383 0.487946
-0.634184 0.017624 0.772982
-0.828441 -0.525496 -0.193753
0.475345 -0.842648 0.252966
-0.296198 0.117468 0.947876
-0.482586 -0.827163 -0.287946
0.755268 -0.559483 0.341391
-0.443487 -0.052726 0.894729
0.014791 -0.999654 -0.021731
0.979883 0.018818 -0.198684
0.199024 -0.018355 0.979823
-0.865276 -0.500638 -0.025669
0.470690 -0.828999 0.302013
-0.172479 0.249243 0.952958
-0.414886 -0.838943 -0.352200
0.859697 -0.234679 -0.453702
0.297976 -0.491020 0.818602
-0.401345 -0.882097 -0.246632
0.904327 -0.338907 -0.259490
0.145310 -0.327181 0.933722
-0.033497 -0.294977 -0.954917
0.422790 -0.869935 0.253895
-0.905609 -0.395224 0.153853
-0.373081 -0.853017 -0.364929
0.882249 -0.204443 -0.424075
0.287136 -0.480173 0.828847
-0.303440 -0.479104 -0.823640
0.210379 -0.876750 0.432492
-0.929336 -0.042041 0.366835
0.361883 -0.879057 0.310322
0.896884 0.237521 -0.373073
0.254245 0.413331 0.874367
-0.283133 -0.921432 -0.266080
0.935472 -0.204146 -0.288472
0.211489 -0.330586 0.919775
-0.285300 -0.489160 -0.824212
0.424672 -0.835447 0.348829
-0.859219 -0.250499 0.446086
-0.519371 -0.777182 -0.355305
0.634862 -0.629234 0.448347
-0.572017 0.007289 0.820209
-0.534594 -0.780290 -0.324587
0.671417 -0.625394 0.397593
-0.513233 -0.005382 0.858233
-0.553618 -0.756545 -0.348060
0.634540 -0.653900 0.412035
-0.539320 0.007252 0.842070
-0.504854 -0.732075 -0.457371
0.681750 -0.013158 -0.731467
0.529471 -0.681097 0.505735
-0.548915 -0.760106 -0.347751
0.642671 -0.649798 0.405878
-0.534478 -0.000697 0.845182
0.331263 -0.929356 0.162977
0.939157 0.308142 -0.151763
0.090822 0.203334 0.974888
0.222841 -0.967253 0.121509
0.949694 0.187260 -0.251030
0.220055 0.171335 0.960323
-0.351071 -0.856331 -0.378743
0.888806 -0.177516 -0.422506
0.294572 -0.484959 0.823433
0.077582 -0.991383 0.105552
0.958786 0.045164 -0.280518
0.273333 0.122965 0.954027
-0.239433 -0.887686 -0.393302
0.907012 -0.059972 -0.416811
0.346410 -0.456528 0.819501
-0.867086 -0.492226 -0.076642
0.473273 -0.861982 0.181656
-0.155480 0.121239 0.980371
-0.512005 -0.825297 -0.238193
0.790819 -0.561146 0.244379
-0.335346 -0.063244 0.939970
0.346857 -0.859324 0.375838
0.894712 0.182931 -0.407463
0.281390 0.477598 0.832298
0.059432 -0.994735 0.083483
0.973560 0.039281 -0.225029
0.220565 0.094650 0.970769
-0.532335 -0.774776 -0.341087
0.642963 -0.632141 0.432430
-0.550652 0.010892 0.834664
-0.286221 -0.888298 -0.359171
0.917285 -0.145707 -0.370617
0.276885 -0.435541 0.856527
-0.249421 -0.416840 -0.874090
0.443808 -0.851451 0.279403
-0.860711 -0.318239 0.397367
-0.490742 -0.837281 -0.241107
0.832407 -0.532284 0.154184
-0.257432 -0.125035 0.958173
-0.498578 -0.810945 -0.306247
0.694177 -0.585111 0.419241
-0.519171 -0.003565 0.854663
-0.163879 -0.917437 -0.362565
0.937418 -0.030364 -0.346879
0.307230 -0.396721 0.864998
-0.749245 -0.599934 -0.280554
0.526576 -0.796542 0.297049
-0.401683 0.074830 0.912716
-0.082937 -0.985818 -0.145890
0.965113 -0.042972 -0.258282
0.248350 -0.162222 0.954990
-0.247585 -0.916404 -0.314492
0.934703 -0.140484 -0.326489
0.255014 -0.374791 0.891347
-0.110970 -0.982862 -0.147198
0.971188 -0.075815 -0.225933
0.210901 -0.168029 0.962958
-0.181145 -0.958096 -0.221897
0.957447 -0.120259 -0.262361
0.224682 -0.259980 0.939110
-0.297464 -0.459468 -0.836901
0.275595 -0.880590 0.385498
-0.914091 -0.115974 0.388571
-0.278136 -0.471334 -0.836950
0.333256 -0.864559 0.376135
-0.900878 -0.174302 0.397540
-0.374822 -0.850047 -0.370040
0.887580 -0.213732 -0.408071
0.267790 -0.481394 0.834595
-0.358085 -0.834758 -0.418277
0.853460 -0.110955 -0.509210
0.378657 -0.539323 0.752163
-0.245508 -0.442635 -0.862438
0.449704 -0.840148 0.303179
-0.858774 -0.313408 0.405318
-0.371463 -0.590864 -0.716167
0.289463 -0.806615 0.515348
-0.882172 -0.015871 0.470660
-0.363558 -0.532251 -0.764548
0.481675 -0.809888 0.334769
-0.797380 -0.246556 0.550813
-0.592543 -0.680879 -0.430459
0.542511 -0.732322 0.411564
-0.595461 0.010340 0.803318
-0.452393 -0.819847 -0.350986
0.776607 -0.168675 -0.606985
0.438432 -0.547174 0.713006
-0.478549 -0.667943 -0.569950
0.742224 0.039094 -0.669011
0.469142 -0.743185 0.477055
-0.535733 -0.788778 -0.301362
0.665692 -0.614106 0.423943
-0.519465 0.026506 0.854081
-0.525494 -0.794882 -0.303344
0.659726 -0.605835 0.444662
-0.537231 0.033544 0.842768
-0.338883 -0.518114 -0.785313
0.863134 0.160936 -0.478643
0.374376 -0.840034 0.392663
-0.177201 -0.964325 -0.196663
0.956007 -0.121193 -0.267139
0.233774 -0.235348 0.943377
-0.485524 -0.813045 -0.321286
0.859259 -0.511525 -0.004042
-0.161059 -0.278030 0.946974
-0.487757 -0.746180 -0.453110
0.554836 -0.665696 0.499004
-0.673981 -0.008009 0.738705
0.312701 -0.874236 0.371389
0.908270 0.160786 -0.386256
0.277965 0.458104 0.844320
0.173156 -0.966174 0.191116
0.957379 0.119572 -0.262921
0.231175 0.228496 0.945699
-0.508252 -0.773368 -0.378922
0.547540 -0.629792 0.550965
-0.664741 0.072554 0.743543
0.369760 -0.903358 0.217309
0.919541 0.322282 -0.224899
0.133129 0.282983 0.949841
0.410830 -0.854147 0.318827
0.888294 0.296254 -0.350953
0.205312 0.427394 0.880444
-0.342587 -0.566975 -0.749115
0.411866 -0.807297 0.422656
-0.844394 -0.163738 0.510087
-0.292233 -0.742232 -0.603069
0.344929 -0.669955 0.657407
-0.891978 -0.015900 0.451800
-0.323732 -0.478272 -0.816366
0.886630 0.147844 -0.438211
0.330279 -0.865678 0.376188
-0.324962 -0.495535 -0.805509
0.375393 -0.849349 0.371061
-0.868032 -0.181802 0.462026
-0.343389 -0.392941 -0.853043
0.925564 0.012591 -0.378382
0.159422 -0.919477 0.359368
-0.466932 -0.827258 -0.312440
0.742681 -0.175078 -0.646353
0.479999 -0.533846 0.696139
-0.291520 -0.889771 -0.351174
0.908577 -0.142742 -0.392572
0.299172 -0.433512 0.850038
-0.030618 -0.217474 -0.975586
0.398960 -0.897580 0.187565
-0.916457 -0.383477 0.114246
-0.340118 -0.514970 -0.786846
0.851805 0.185805 -0.489801
0.398432 -0.836829 0.375459
-0.286123 -0.839326 -0.462239
0.890743 -0.055194 -0.451144
0.353144 -0.540819 0.763416
-0.253193 -0.835459 -0.487752
0.898939 -0.016869 -0.437748
0.357492 -0.549294 0.755298
0.135331 -0.983774 0.117792
0.959097 0.100238 -0.264738
0.248635 0.148801 0.957099
-0.466808 -0.806096 -0.363731
0.817499 -0.236448 -0.525155
0.337322 -0.542497 0.769358
-0.327579 -0.928791 -0.173316
0.934493 -0.291447 -0.204407
0.139339 -0.228922 0.963421
-0.465577 -0.822046 -0.327840
0.823699 -0.267021 -0.500220
0.323664 -0.502932 0.801437
-0.474489 -0.821517 -0.316181
0.825029 -0.289808 -0.485117
0.306900 -0.491041 0.815286
-0.357701 -0.538069 -0.763238
0.838846 0.174007 -0.515808
0.410349 -0.824744 0.389114
-0.354794 -0.519756 -0.777158
0.432437 -0.828204 0.356477
-0.828927 -0.209596 0.518604
-0.879698 -0.469493 0.075546
0.470457 -0.836107 0.282124
-0.069291 0.283725 0.956399
-0.942846 -0.269452 0.196051
0.291322 -0.952154 0.092383
0.161778 0.144217 0.976232
-0.355426 -0.702462 -0.616619
0.859718 0.013208 -0.510598
0.366820 -0.711598 0.599225
-0.516374 -0.710150 -0.478587
0.719727 -0.057043 -0.691909
0.464059 -0.701736 0.540570
-0.345038 -0.924291 -0.163202
0.935620 -0.324888 -0.138066
0.074591 -0.200333 0.976884
-0.218981 -0.412534 -0.884230
0.462037 -0.842024 0.278419
-0.859400 -0.347578 0.374994
-0.834893 -0.532074 -0.140895
0.484564 -0.831932 0.270345
-0.261058 0.157437 0.952398
-0.241040 -0.940691 -0.238746
0.950366 -0.178916 -0.254544
0.196732 -0.288252 0.937127
0.148555 -0.976193 0.158048
0.960255 0.104205 -0.258944
0.236310 0.190234 0.952874
0.349419 -0.877693 0.327965
0.903256 0.222491 -0.366915
0.249070 0.424443 0.870524
-0.423409 -0.826803 -0.370301
0.850252 -0.221574 -0.477469
0.312723 -0.517013 0.796807
-0.437373 -0.828797 -0.349000
0.841640 -0.240549 -0.483507
0.316777 -0.505205 0.802758
0.323339 -0.901803 0.286712
0.928597 0.244075 -0.279527
0.182099 0.356622 0.916330
-0.569931 -0.781604 -0.253521
0.708013 -0.623705 0.331224
-0.417009 0.009279 0.908855
-0.444081 -0.875058 -0.192525
0.895957 -0.435441 -0.087474
-0.007288 -0.211340 0.977386
-0.468120 -0.829412 -0.304859
0.828424 -0.291848 -0.478056
0.307533 -0.476340 0.823725
-0.471025 -0.790539 -0.391386
0.708489 -0.074707 -0.701756
0.525526 -0.607838 0.595277
-0.462708 -0.834814 -0.298308
0.755901 -0.547332 0.359223
-0.463158 -0.059276 0.884291
-0.493375 -0.802085 -0.336513
0.617776 -0.595474 0.513579
-0.612319 0.045497 0.789301
-0.483809 -0.809726 -0.332074
0.757250 -0.197090 -0.622678
0.438750 -0.552721 0.708519
0.409561 -0.880376 0.239162
0.911945 0.387957 -0.133588
0.024823 0.272815 0.961746
-0.807781 -0.530511 -0.256995
0.466717 -0.841888 0.270924
-0.360090 0.098904 0.927660
-0.303749 -0.528663 -0.792624
0.870261 0.184663 -0.456668
0.387791 -0.828501 0.403983
-0.291690 -0.477216 -0.828964
0.323064 -0.864876 0.384212
-0.900303 -0.155738 0.406447
-0.113673 -0.988185 -0.102803
0.975935 -0.091681 -0.197851
0.186088 -0.122819 0.974826
-0.097396 -0.976335 -0.193093
0.966901 -0.046851 -0.250813
0.235831 -0.211130 0.948582
-0.347374 -0.913293 -0.212667
0.926529 -0.299339 -0.227905
0.144484 -0.276210 0.950175
0.006082 -0.999341 0.035781
0.978504 -0.001428 -0.206221
0.206137 0.036266 0.977851
-0.587334 -0.706233 -0.395314
0.577114 -0.707893 0.407219
-0.567432 0.011033 0.823347
-0.130377 -0.339087 -0.931677
0.417798 -0.870980 0.258531
-0.899137 -0.355546 0.255226
0.077732 -0.992163 0.097830
0.979527 0.057726 -0.192858
0.185700 0.110818 0.976337
-0.473928 -0.833040 -0.285370
0.775241 -0.548417 0.313433
-0.417605 -0.072685 0.905717
-0.494787 -0.828894 -0.260999
0.821024 -0.544307 0.172191
-0.284791 -0.129088 0.949858
-0.478380 -0.825198 -0.300335
0.708443 -0.564750 0.423280
-0.518904 -0.010281 0.854770
-0.531152 -0.766963 -0.360062
0.624449 -0.641583 0.445460
-0.572661 0.011767 0.819708
-0.507316 -0.794721 -0.333241
0.646278 -0.606662 0.462910
-0.570049 0.019476 0.821380
-0.575684 -0.726417 -0.375375
0.616417 -0.687180 0.384463
-0.537232 -0.010058 0.843375
-0.519636 -0.779510 -0.349775
0.639275 -0.626336 0.446128
-0.566838 0.008222 0.823788
-0.494202 -0.644136 -0.583827
0.712353 0.084900 -0.696667
0.498315 -0.760185 0.416895
0.310188 -0.937646 0.156856
0.944846 0.285816 -0.159923
0.105119 0.197811 0.974587
0.229520 -0.959032 0.166069
0.962820 0.198743 -0.182971
0.142470 0.201890 0.968990
-0.468065 -0.859962 -0.203421
0.862256 -0.494841 0.107919
-0.193468 -0.124888 0.973126
0.408966 -0.881034 0.237752
0.912279 0.388384 -0.130016
0.022210 0.270069 0.962585
0.331737 -0.880413 0.338858
0.911977 0.207397 -0.353956
0.241349 0.426451 0.871717
-0.296847 -0.901267 -0.315593
0.915682 -0.174884 -0.361860
0.270940 -0.396400 0.877188
0.353881 -0.899402 0.256602
0.923317 0.292186 -0.249225
0.149177 0.325121 0.933832
0.399896 -0.893414 0.204683
0.905774 0.351050 -0.237354
0.140202 0.280314 0.949615
0.381838 -0.888846 0.253283
0.911470 0.316769 -0.262451
0.153046 0.331073 0.931111
-0.440949 -0.818025 -0.369323
0.833260 -0.220196 -0.507140
0.333530 -0.531365 0.778723
-0.277236 -0.466849 -0.839757
0.322170 -0.868586 0.376516
-0.905178 -0.166160 0.391208
-0.279162 -0.471455 -0.836540
0.337533 -0.863758 0.374157
-0.898966 -0.177909 0.400260
-0.385760 -0.850035 -0.358650
0.875249 -0.214242 -0.433635
0.291767 -0.481187 0.826638
-0.621855 -0.734306 -0.272197
0.683641 -0.678553 0.268702
-0.382010 -0.018991 0.923963
-0.612181 -0.716195 -0.335109
0.608449 -0.697337 0.378828
-0.504999 0.028015 0.862665
-0.461892 -0.851580 -0.247927
0.865829 -0.372304 -0.334261
0.192345 -0.369055 0.909287
-0.350433 -0.852316 -0.388271
0.884595 -0.164997 -0.436195
0.307713 -0.496320 0.811775
-0.376563 -0.855084 -0.356414
0.875313 -0.202428 -0.439146
0.303359 -0.477341 0.824693
-0.391281 -0.842563 -0.370118
0.851364 -0.178719 -0.493194
0.349400 -0.508082 0.787256
-0.415600 -0.827523 -0.377469
0.864344 -0.230122 -0.447163
0.283173 -0.512103 0.810903
-0.448653 -0.809353 -0.379022
0.786233 -0.155809 -0.597964
0.424909 -0.566278 0.706245
-0.492459 -0.850468 -0.184899
0.834921 -0.521622 0.175549
-0.245746 -0.067926 0.966951
-0.560891 -0.794132 -0.233999
0.742100 -0.607563 0.283114
-0.367000 -0.014855 0.930103
-0.904341 -0.417029 0.090853
0.426755 -0.886956 0.176604
0.006934 0.198482 0.980080
-0.380515 -0.693370 -0.611920
0.830674 0.034543 -0.555686
0.406433 -0.719754 0.562820
-0.441168 -0.769506 -0.461770
0.792277 -0.092285 -0.603142
0.421507 -0.631936 0.650375
0.117868 -0.990513 0.070649
0.942734 0.089260 -0.321379
0.312024 0.104483 0.944311
-0.277484 -0.468348 -0.838840
0.384740 -0.854229 0.349670
-0.880329 -0.225707 0.417226
-0.182685 -0.928135 -0.324333
0.940753 -0.069165 -0.331963
0.285674 -0.365762 0.885781
-0.878444 -0.477683 -0.012442
0.463399 -0.857953 0.221759
-0.116606 0.189038 0.975022
-0.459986 -0.848815 -0.260626
0.884622 -0.463386 -0.052122
-0.076528 -0.254531 0.964032
-0.474301 -0.860229 -0.187205
0.877295 -0.479574 -0.019006
-0.073429 -0.173249 0.982137
-0.883079 -0.467932 -0.034794
0.454325 -0.871223 0.185900
-0.117301 0.148357 0.981952
-0.502060 -0.776848 -0.380057
0.651950 -0.051225 -0.756529
0.568240 -0.627601 0.532185
-0.799716 -0.560151 -0.216066
0.518042 -0.825708 0.223245
-0.303459 0.066602 0.950514
-0.499564 -0.825696 -0.262034
0.794890 -0.557166 0.240241
-0.344363 -0.088273 0.934678
-0.096037 -0.967441 -0.234169
0.943466 -0.013491 -0.331196
0.317253 -0.252738 0.914042
-0.418731 -0.876648 -0.236965
0.907483 -0.394247 -0.145064
0.033747 -0.275784 0.960627
-0.357675 -0.915082 -0.186261
0.932736 -0.340349 -0.119020
0.045520 -0.216303 0.975265
-0.500845 -0.841596 -0.202161
0.835648 -0.531025 0.140374
-0.225491 -0.098630 0.969240
-0.076763 -0.892487 -0.444493
0.943538 0.079061 -0.321692
0.322248 -0.444090 0.836026
-0.193809 -0.861811 -0.468743
0.944475 -0.034678 -0.326748
0.265340 -0.506043 0.820680
-0.339335 -0.847001 -0.409196
0.893338 -0.153931 -0.422199
0.294615 -0.508817 0.808892
-0.305479 -0.860938 -0.406778
0.906864 -0.132805 -0.399951
0.290311 -0.491069 0.821323
-0.115117 -0.864499 -0.489276
0.947971 0.051568 -0.314153
0.296816 -0.499983 0.813583
-0.267503 -0.825600 -0.496817
0.881299 -0.001183 -0.472557
0.389555 -0.564254 0.727917
-0.202988 -0.859006 -0.470005
0.905895 0.017455 -0.423143
0.371686 -0.511668 0.774626
-0.119612 -0.882841 -0.454187
0.942179 0.043305 -0.332301
0.313037 -0.467672 0.826614
-0.240137 -0.877243 -0.415666
0.925686 -0.078004 -0.370162
0.292299 -0.473666 0.830784
-0.280620 -0.853629 -0.438828
0.895224 -0.067889 -0.440414
0.346158 -0.516439 0.783240
-0.140699 -0.929130 -0.341938
0.939614 -0.016483 -0.341840
0.311977 -0.369387 0.875342
-0.133799 -0.949330 -0.284379
0.938990 -0.029696 -0.342660
0.316852 -0.312877 0.895384
-0.247957 -0.939241 -0.237369
0.944071 -0.179294 -0.276737
0.217363 -0.292712 0.931167
-0.145376 -0.957717 -0.248284
0.955424 -0.070716 -0.286644
0.256966 -0.278887 0.925306
-0.024275 -0.260498 -0.965169
0.414233 -0.881295 0.227442
-0.909847 -0.394283 0.129301
-0.359311 -0.852493 -0.379673
0.882097 -0.177443 -0.436370
0.304632 -0.491701 0.815739
-0.420883 -0.625009 -0.657435
0.790563 0.102667 -0.603713
0.444823 -0.773836 0.450898
-0.535952 -0.698789 -0.473760
0.623222 0.051079 -0.780376
0.569517 -0.713501 0.408125
-0.531640 -0.631102 -0.564862
0.681070 0.077912 -0.728061
0.503491 -0.771777 0.388404
-0.124112 -0.949626 -0.287762
0.944903 -0.024580 -0.326425
0.302909 -0.312420 0.900355
0.045563 -0.994991 0.088979
0.970873 0.023132 -0.238473
0.235221 0.097253 0.967064
-0.391818 -0.856237 -0.336656
0.867729 -0.222284 -0.444562
0.305816 -0.466314 0.830077
-0.294555 -0.462960 -0.836005
0.318146 -0.872421 0.371032
-0.901122 -0.156682 0.404265
-0.259683 -0.845385 -0.466786
0.387515 -0.533967 0.751473
-0.884532 0.014258 0.466262
-0.437034 -0.879068 -0.190370
0.899436 -0.426175 -0.096903
0.004054 -0.213575 0.976918
-0.492232 -0.820304 -0.291220
0.739307 -0.570577 0.357584
-0.459491 -0.039286 0.887313
-0.486298 -0.828256 -0.278401
0.791802 -0.552449 0.260480
-0.369546 -0.093767 0.924469
-0.551526 -0.797250 -0.245380
0.759245 -0.601623 0.248188
-0.345495 -0.049421 0.937119
-0.268178 -0.941027 -0.206273
0.951161 -0.224659 -0.211711
0.152885 -0.252975 0.955317
-0.216335 -0.965895 -0.142290
0.962731 -0.186815 -0.195576
0.162323 -0.179297 0.970311
0.289721 -0.912807 0.287828
0.939417 0.213645 -0.268051
0.183186 0.348050 0.919404
-0.397337 -0.568358 -0.720481
0.460773 -0.802536 0.378978
-0.793607 -0.181396 0.580761
-0.373152 -0.628882 -0.682103
0.841381 0.080414 -0.534427
0.390942 -0.773331 0.499123
-0.171091 -0.902949 -0.394222
0.925384 -0.009917 -0.378900
0.338218 -0.429633 0.837272
-0.553296 -0.758553 -0.344182
0.630050 -0.651388 0.422765
-0.544886 0.017063 0.838337
-0.718729 -0.620536 -0.313631
0.540068 -0.782343 0.310267
-0.437899 0.053616 0.897424
-0.909312 -0.402730 -0.104688
0.386131 -0.910421 0.148447
-0.155094 0.094562 0.983364
-0.472129 -0.767131 -0.434286
0.749164 -0.089525 -0.656306
0.464593 -0.635213 0.616975
-0.402896 -0.775369 -0.486289
0.827204 -0.081114 -0.556016
0.391673 -0.626277 0.674070
-0.906373 -0.390729 0.160680
0.418262 -0.883491 0.210950
0.059535 0.258407 0.964200
-0.449676 -0.838595 -0.307489
0.859115 -0.311899 -0.405758
0.244361 -0.446629 0.860703
-0.381384 -0.853693 -0.354618
0.875307 -0.210125 -0.435528
0.297293 -0.476503 0.827382
-0.380962 -0.865550 -0.325101
0.875271 -0.224306 -0.428471
0.297940 -0.447783 0.843043
-0.517146 -0.737739 -0.433937
0.654882 -0.014628 -0.755590
0.551080 -0.674928 0.490697
-0.577129 -0.752160 -0.318082
0.664713 -0.658928 0.352093
-0.474424 -0.008230 0.880258
-0.368829 -0.566207 -0.737139
0.426572 -0.807714 0.406981
-0.825834 -0.164336 0.539437
0.148589 -0.987699 0.048697
0.954834 0.130483 -0.266957
0.257319 0.086164 0.962477
-0.275143 -0.859925 -0.429914
0.916692 -0.099872 -0.386912
0.289779 -0.500555 0.815765
-0.153114 -0.956567 -0.248063
0.936006 -0.059875 -0.346853
0.316936 -0.285297 0.904521
-0.450861 -0.749693 -0.484442
0.756218 -0.032493 -0.653513
0.474193 -0.660987 0.581581
-0.547955 -0.677883 -0.490122
0.671599 -0.007205 -0.740880
0.498699 -0.735134 0.459213
-0.456724 -0.816838 -0.352390
0.813296 -0.222873 -0.537474
0.360491 -0.532075 0.766122
-0.356662 -0.849865 -0.387972
0.874538 -0.157654 -0.458615
0.328596 -0.502867 0.799468
-0.605073 -0.641344 -0.471767
0.498989 -0.767207 0.402994
-0.620401 0.008435 0.784239
-0.272954 -0.928029 -0.253492
0.937112 -0.196908 -0.288181
0.217526 -0.316211 0.923414
-0.275227 -0.476138 -0.835190
0.381302 -0.851553 0.359813
-0.882530 -0.219430 0.415923
0.419708 -0.848637 0.321963
0.877460 0.288622 -0.383095
0.232183 0.443298 0.865782
